4.308205568000000000e+11
4.956740812800000000e+10
5.064687616000000000e+10
1.009421312000000000e+09
-1.151128166400000000e+10
7.927538483200000000e+10
5.296709632000000000e+09
-3.045492736000000000e+10
-3.090264064000000000e+10
-2.881718886400000000e+10
-2.751013068800000000e+10
-2.654120960000000000e+10
-2.562683904000000000e+10
-2.488924569600000000e+10
-2.424232960000000000e+10
-2.346817945600000000e+10
-2.287298764800000000e+10
-2.226959974400000000e+10
-2.171771084800000000e+10
-2.129502412800000000e+10
-2.079945318400000000e+10
-2.042264166400000000e+10
-2.009324748800000000e+10
-1.971933184000000000e+10
-1.944528896000000000e+10
-1.906319974400000000e+10
-1.874284953600000000e+10
-1.847153868800000000e+10
-1.816101888000000000e+10
-1.802754048000000000e+10
-1.775107481600000000e+10
-1.745760051200000000e+10
-1.720403558400000000e+10
-1.696504524800000000e+10
-1.694184652800000000e+10
-1.682131558400000000e+10
-1.668587110400000000e+10
-1.659854131200000000e+10
-1.634368307200000000e+10
-1.617111142400000000e+10
-1.590136422400000000e+10
-1.569345024000000000e+10
-1.560482406400000000e+10
-1.545062604800000000e+10
-1.536618086400000000e+10
-1.523254272000000000e+10
-1.517764710400000000e+10
-1.511594291200000000e+10
-1.507104563200000000e+10
-1.492091596800000000e+10
-1.484446617600000000e+10
-1.473072230400000000e+10
-1.466962329600000000e+10
-1.462522675200000000e+10
-1.455026483200000000e+10
-1.450666803200000000e+10
-1.441672908800000000e+10
-1.433812275200000000e+10
-1.423584665600000000e+10
-1.413285376000000000e+10
-1.406008729600000000e+10
-1.394793164800000000e+10
-1.392172441600000000e+10
-1.386309632000000000e+10
-1.378986496000000000e+10
-1.375976038400000000e+10
-1.364090368000000000e+10
-1.357461913600000000e+10
-1.353048985600000000e+10
-1.342006067200000000e+10
-1.342432358400000000e+10
-1.336081203200000000e+10
-1.334756761600000000e+10
-1.321398169600000000e+10
-1.321863372800000000e+10
-1.318623436800000000e+10
-1.337728716800000000e+10
